1946736
2197771
131896
665459
1031655
2188699
1578350
1959315
1099653
555903
2129187
1736825
30305
817749
2178434
1029710
749437
273673
128818
1050523
73379
1933297
1071670
526330
2097888
259201
2134781
1935946
2168742
596576
795315
91433
1234659
8837
4325
2144100
12207
13287
2127834
195968
151683
261635
1932932
1149182
188910
1950383
177460
17383
108003
2054550
1877082
75952
2069621
729501
2968
276626
771895
1883369
98973
1162091
176023
251715
1345379
1497679
3330
1007346
1830180
2003343
131070
76832
1943283
1918898
222270
79767
2080569
17954
1296184
6248
72604
2022683
2054075
340646
1857748
283504
94253
1197719
203517
147720
56925
255853
1833107
85514
272806
273321
2345017
9356
729743
2101104
792857
412399
19471
439753
937835
359487
1397983
20784
118803
137430
56538
342858
510230
3147
575769
1024191
983105
769621
215098
393470
522254
52607
406843
260546
358502
518137
1266310
219083
21186
7329
0
716084
791785
84205
310575
1084580
640982
909138
1234870
72489
553895
503694
107250
1042309
199
3898
1439742
849173
427713
297278
755066
127380
166432
36371
501079
602524
485879
11982
343097
133661
508947
1279227
1047582
1379023
121844
777051
1258863
1499817
1342674
289361
37
9107
2270
38203
289699
831991
524826
495504
702327
1185763
794343
655298
36925
1329711
88177
1390082
2365
11433
1730
50470
564
205898
58659
1034301
23388
599866
980282
381114
4476
873216
1068592
204799
